22382
12037
3411
20020
15761
7591
16612
25158
25246
30888
27114
11038
31384
5547
8789
1795
22136
30005
10744
20715
22301
31624
25124
3098
13972
1826
28509
25351
3305
20030
4088
8536
24726
20235
7590
18929
18979
1527
14895
6476
6579
29390
26811
9980
11719
4841
20680
5991
16677
15155
26352
19145
31741
31155
7403
17722
14975
9001
10898
6170
4375
21542
23567
32113
10661
20202
5543
24815
17241
14016
9211
26265
1863
31328
24296
31287
29194
17354
10024
21639
15134
27149
8298
18876
30247
16964
20180
5941
24690
13488
24262
19237
5769
18997
3976
27371
4089
20160
27406
6041
246
25739
4040
12808
22175
32327
2981
16780
28990
20966
12226
11463
26937
22932
14318
5252
16235
18138
20599
29691
6242
29535
1008
22129
28294
25400
9778
28160
3524
30290
23000
8651
23387
24020
19262
6169
20371
2820
4297
8565
11404
22470
14787
158
17734
16788
8036
31812
30252
30802
